0.844777718 0.155222282 0.000000000 0.000000000 0.000000000 
0.000000000 0.712700286 0.287299714 0.000000000 0.000000000 
0.000000000 0.000000000 0.797352979 0.202647021 0.000000000 
0.000000000 0.000000000 0.000000000 0.722620250 0.277379750 
0.000000000 0.000000000 0.000000000 0.000000000 1.000000000 

0.575503119 0.424496881 0.000000000 0.000000000 0.000000000 
0.000000000 0.923995937 0.076004063 0.000000000 0.000000000 
0.000000000 0.000000000 0.344293879 0.655706121 0.000000000 
0.000000000 0.000000000 0.000000000 0.954758047 0.045241953 
0.000000000 0.000000000 0.000000000 0.000000000 1.000000000 

0.699042074 0.300957926 0.000000000 0.000000000 0.000000000 
0.000000000 0.713608368 0.286391632 0.000000000 0.000000000 
0.000000000 0.000000000 0.667760972 0.332239028 0.000000000 
0.000000000 0.000000000 0.000000000 0.960701364 0.039298636 
0.000000000 0.000000000 0.000000000 0.000000000 1.000000000 

0.810692761 0.189307239 0.000000000 0.000000000 0.000000000 
0.000000000 0.724115840 0.275884160 0.000000000 0.000000000 
0.000000000 0.000000000 0.770443305 0.229556695 0.000000000 
0.000000000 0.000000000 0.000000000 0.952820507 0.047179493 
0.000000000 0.000000000 0.000000000 0.000000000 1.000000000 

