0.789901434 0.210098566 0.000000000 0.000000000 0.000000000 
0.000000000 0.757613949 0.242386051 0.000000000 0.000000000 
0.000000000 0.000000000 0.851219214 0.148780786 0.000000000 
0.000000000 0.000000000 0.000000000 0.926890057 0.073109943 
0.000000000 0.000000000 0.000000000 0.000000000 1.000000000 

0.586226500 0.413773500 0.000000000 0.000000000 0.000000000 
0.000000000 0.839332115 0.160667885 0.000000000 0.000000000 
0.000000000 0.000000000 0.828715925 0.171284075 0.000000000 
0.000000000 0.000000000 0.000000000 0.942915691 0.057084309 
0.000000000 0.000000000 0.000000000 0.000000000 1.000000000 

0.423945632 0.576054368 0.000000000 0.000000000 0.000000000 
0.000000000 0.918381422 0.081618578 0.000000000 0.000000000 
0.000000000 0.000000000 0.597424033 0.402575967 0.000000000 
0.000000000 0.000000000 0.000000000 0.959994350 0.040005650 
0.000000000 0.000000000 0.000000000 0.000000000 1.000000000 

0.848579676 0.151420324 0.000000000 0.000000000 0.000000000 
0.000000000 0.715564682 0.284435318 0.000000000 0.000000000 
0.000000000 0.000000000 0.826549286 0.173450714 0.000000000 
0.000000000 0.000000000 0.000000000 0.928972123 0.071027877 
0.000000000 0.000000000 0.000000000 0.000000000 1.000000000 

