0.851591562 0.148408438 0.000000000 0.000000000 0.000000000 
0.000000000 0.817855125 0.182144875 0.000000000 0.000000000 
0.000000000 0.000000000 0.712744412 0.287255588 0.000000000 
0.000000000 0.000000000 0.000000000 0.882396244 0.117603756 
0.000000000 0.000000000 0.000000000 0.000000000 1.000000000 

0.593634549 0.406365451 0.000000000 0.000000000 0.000000000 
0.000000000 0.870616752 0.129383248 0.000000000 0.000000000 
0.000000000 0.000000000 0.913189639 0.086810361 0.000000000 
0.000000000 0.000000000 0.000000000 0.936191580 0.063808420 
0.000000000 0.000000000 0.000000000 0.000000000 1.000000000 

0.722714538 0.277285462 0.000000000 0.000000000 0.000000000 
0.000000000 0.732881304 0.267118696 0.000000000 0.000000000 
0.000000000 0.000000000 0.904470932 0.095529068 0.000000000 
0.000000000 0.000000000 0.000000000 0.949257403 0.050742597 
0.000000000 0.000000000 0.000000000 0.000000000 1.000000000 

0.716746562 0.283253438 0.000000000 0.000000000 0.000000000 
0.000000000 0.725007318 0.274992682 0.000000000 0.000000000 
0.000000000 0.000000000 0.863369702 0.136630298 0.000000000 
0.000000000 0.000000000 0.000000000 0.873241554 0.126758446 
0.000000000 0.000000000 0.000000000 0.000000000 1.000000000 

