0.857860312 0.142139688 0.000000000 0.000000000 0.000000000 
0.000000000 0.679957730 0.320042270 0.000000000 0.000000000 
0.000000000 0.000000000 0.899009268 0.100990732 0.000000000 
0.000000000 0.000000000 0.000000000 0.843364316 0.156635684 
0.000000000 0.000000000 0.000000000 0.000000000 1.000000000 

0.799416193 0.200583807 0.000000000 0.000000000 0.000000000 
0.000000000 0.864396017 0.135603983 0.000000000 0.000000000 
0.000000000 0.000000000 0.814211804 0.185788196 0.000000000 
0.000000000 0.000000000 0.000000000 0.929413631 0.070586369 
0.000000000 0.000000000 0.000000000 0.000000000 1.000000000 

0.678452100 0.321547900 0.000000000 0.000000000 0.000000000 
0.000000000 0.835868784 0.164131216 0.000000000 0.000000000 
0.000000000 0.000000000 0.825198619 0.174801381 0.000000000 
0.000000000 0.000000000 0.000000000 0.898050725 0.101949275 
0.000000000 0.000000000 0.000000000 0.000000000 1.000000000 

0.753251811 0.246748189 0.000000000 0.000000000 0.000000000 
0.000000000 0.620189107 0.379810893 0.000000000 0.000000000 
0.000000000 0.000000000 0.714072883 0.285927117 0.000000000 
0.000000000 0.000000000 0.000000000 0.957315186 0.042684814 
0.000000000 0.000000000 0.000000000 0.000000000 1.000000000 

