0.787243962 0.212756038 0.000000000 0.000000000 0.000000000 
0.000000000 0.556435248 0.443564752 0.000000000 0.000000000 
0.000000000 0.000000000 0.831972680 0.168027320 0.000000000 
0.000000000 0.000000000 0.000000000 0.957516823 0.042483177 
0.000000000 0.000000000 0.000000000 0.000000000 1.000000000 

0.750396728 0.249603272 0.000000000 0.000000000 0.000000000 
0.000000000 0.778697518 0.221302482 0.000000000 0.000000000 
0.000000000 0.000000000 0.833806961 0.166193039 0.000000000 
0.000000000 0.000000000 0.000000000 0.965525333 0.034474667 
0.000000000 0.000000000 0.000000000 0.000000000 1.000000000 

0.811791254 0.188208746 0.000000000 0.000000000 0.000000000 
0.000000000 0.729672209 0.270327791 0.000000000 0.000000000 
0.000000000 0.000000000 0.839933528 0.160066472 0.000000000 
0.000000000 0.000000000 0.000000000 0.958423988 0.041576012 
0.000000000 0.000000000 0.000000000 0.000000000 1.000000000 

