0.813056428 0.186943572 0.000000000 0.000000000 0.000000000 
0.000000000 0.869040464 0.130959536 0.000000000 0.000000000 
0.000000000 0.000000000 0.715107096 0.284892904 0.000000000 
0.000000000 0.000000000 0.000000000 0.595352457 0.404647543 
0.000000000 0.000000000 0.000000000 0.000000000 1.000000000 

0.790295586 0.209704414 0.000000000 0.000000000 0.000000000 
0.000000000 0.661534653 0.338465347 0.000000000 0.000000000 
0.000000000 0.000000000 0.655997486 0.344002514 0.000000000 
0.000000000 0.000000000 0.000000000 0.952554173 0.047445827 
0.000000000 0.000000000 0.000000000 0.000000000 1.000000000 

0.789112995 0.210887005 0.000000000 0.000000000 0.000000000 
0.000000000 0.815222217 0.184777783 0.000000000 0.000000000 
0.000000000 0.000000000 0.760927638 0.239072362 0.000000000 
0.000000000 0.000000000 0.000000000 0.888301796 0.111698204 
0.000000000 0.000000000 0.000000000 0.000000000 1.000000000 

