0.785463506 0.214536494 0.000000000 0.000000000 0.000000000 
0.000000000 0.678309094 0.321690906 0.000000000 0.000000000 
0.000000000 0.000000000 0.766009418 0.233990582 0.000000000 
0.000000000 0.000000000 0.000000000 0.938205790 0.061794210 
0.000000000 0.000000000 0.000000000 0.000000000 1.000000000 

0.803167000 0.196833000 0.000000000 0.000000000 0.000000000 
0.000000000 0.825384407 0.174615593 0.000000000 0.000000000 
0.000000000 0.000000000 0.661496557 0.338503443 0.000000000 
0.000000000 0.000000000 0.000000000 0.950826532 0.049173468 
0.000000000 0.000000000 0.000000000 0.000000000 1.000000000 

0.483092670 0.516907330 0.000000000 0.000000000 0.000000000 
0.000000000 0.905872779 0.094127221 0.000000000 0.000000000 
0.000000000 0.000000000 0.736170545 0.263829455 0.000000000 
0.000000000 0.000000000 0.000000000 0.953436784 0.046563216 
0.000000000 0.000000000 0.000000000 0.000000000 1.000000000 

0.797016399 0.202983601 0.000000000 0.000000000 0.000000000 
0.000000000 0.789943030 0.210056970 0.000000000 0.000000000 
0.000000000 0.000000000 0.817557080 0.182442920 0.000000000 
0.000000000 0.000000000 0.000000000 0.925363188 0.074636812 
0.000000000 0.000000000 0.000000000 0.000000000 1.000000000 

