0.549949672 0.450050328 0.000000000 0.000000000 0.000000000 
0.000000000 0.814414386 0.185585614 0.000000000 0.000000000 
0.000000000 0.000000000 0.674225046 0.325774954 0.000000000 
0.000000000 0.000000000 0.000000000 0.950401774 0.049598226 
0.000000000 0.000000000 0.000000000 0.000000000 1.000000000 

0.575503119 0.424496881 0.000000000 0.000000000 0.000000000 
0.000000000 0.923995937 0.076004063 0.000000000 0.000000000 
0.000000000 0.000000000 0.344293879 0.655706121 0.000000000 
0.000000000 0.000000000 0.000000000 0.954758047 0.045241953 
0.000000000 0.000000000 0.000000000 0.000000000 1.000000000 

0.699042074 0.300957926 0.000000000 0.000000000 0.000000000 
0.000000000 0.713608368 0.286391632 0.000000000 0.000000000 
0.000000000 0.000000000 0.667760972 0.332239028 0.000000000 
0.000000000 0.000000000 0.000000000 0.960701364 0.039298636 
0.000000000 0.000000000 0.000000000 0.000000000 1.000000000 

0.810692761 0.189307239 0.000000000 0.000000000 0.000000000 
0.000000000 0.724115840 0.275884160 0.000000000 0.000000000 
0.000000000 0.000000000 0.770443305 0.229556695 0.000000000 
0.000000000 0.000000000 0.000000000 0.952820507 0.047179493 
0.000000000 0.000000000 0.000000000 0.000000000 1.000000000 

