0.817277587 0.182722413 0.000000000 0.000000000 0.000000000 
0.000000000 0.779082647 0.220917353 0.000000000 0.000000000 
0.000000000 0.000000000 0.745143615 0.254856385 0.000000000 
0.000000000 0.000000000 0.000000000 0.938762525 0.061237475 
0.000000000 0.000000000 0.000000000 0.000000000 1.000000000 

0.873440958 0.126559042 0.000000000 0.000000000 0.000000000 
0.000000000 0.630126508 0.369873492 0.000000000 0.000000000 
0.000000000 0.000000000 0.644974798 0.355025202 0.000000000 
0.000000000 0.000000000 0.000000000 0.793992129 0.206007871 
0.000000000 0.000000000 0.000000000 0.000000000 1.000000000 

0.756188637 0.243811363 0.000000000 0.000000000 0.000000000 
0.000000000 0.866102182 0.133897818 0.000000000 0.000000000 
0.000000000 0.000000000 0.793430638 0.206569362 0.000000000 
0.000000000 0.000000000 0.000000000 0.961020983 0.038979017 
0.000000000 0.000000000 0.000000000 0.000000000 1.000000000 

0.727977034 0.272022966 0.000000000 0.000000000 0.000000000 
0.000000000 0.726480763 0.273519237 0.000000000 0.000000000 
0.000000000 0.000000000 0.783361340 0.216638660 0.000000000 
0.000000000 0.000000000 0.000000000 0.896951497 0.103048503 
0.000000000 0.000000000 0.000000000 0.000000000 1.000000000 

