0.763256351 0.236743649 0.000000000 0.000000000 0.000000000 
0.000000000 0.880615868 0.119384132 0.000000000 0.000000000 
0.000000000 0.000000000 0.785790007 0.214209993 0.000000000 
0.000000000 0.000000000 0.000000000 0.942056354 0.057943646 
0.000000000 0.000000000 0.000000000 0.000000000 1.000000000 

0.659123046 0.340876954 0.000000000 0.000000000 0.000000000 
0.000000000 0.885864052 0.114135948 0.000000000 0.000000000 
0.000000000 0.000000000 0.498185142 0.501814858 0.000000000 
0.000000000 0.000000000 0.000000000 0.808174516 0.191825484 
0.000000000 0.000000000 0.000000000 0.000000000 1.000000000 

0.673623193 0.326376807 0.000000000 0.000000000 0.000000000 
0.000000000 0.860887452 0.139112548 0.000000000 0.000000000 
0.000000000 0.000000000 0.883227448 0.116772552 0.000000000 
0.000000000 0.000000000 0.000000000 0.934750783 0.065249217 
0.000000000 0.000000000 0.000000000 0.000000000 1.000000000 

0.784350887 0.215649113 0.000000000 0.000000000 0.000000000 
0.000000000 0.802578062 0.197421938 0.000000000 0.000000000 
0.000000000 0.000000000 0.829619944 0.170380056 0.000000000 
0.000000000 0.000000000 0.000000000 0.949840616 0.050159384 
0.000000000 0.000000000 0.000000000 0.000000000 1.000000000 

